[1, [9.98452484 7.46567185 0.91772256], 196510.024, [6.63494613 5.04727089 1.94196541]]
[1, [9.98394828 7.33608072 1.26224271], 196510.024, [6.63494613 5.04727089 1.94196541]]
X[1, [9.96999721 7.54705042 0.9399499 ], 196510.104, [6.61364594 5.16571527 1.96122595]]
[1, [9.96906667 7.41203187 1.28827893], 196510.104, [6.61364594 5.16571527 1.96122595]]
X[1, [9.96725257 7.55716142 0.94305783], 196510.144, [6.60354202 5.22172551 1.97057911]]
[1, [9.96835424 7.42116761 1.29123998], 196510.144, [6.60354202 5.22172551 1.97057911]]
X[1, [9.97121117 7.53678532 0.94122414], 196510.164, [6.59862697 5.24893149 1.97528776]]
[1, [9.97101672 7.40653336 1.28625686], 196510.164, [6.59862697 5.24893149 1.97528776]]
X[1, [9.96991286 7.54444094 0.94002177], 196510.204, [6.58907333 5.30174154 1.98480661]]
[1, [9.96986195 7.41163977 1.28538605], 196510.204, [6.58907333 5.30174154 1.98480661]]
X[1, [9.97310588 7.52947687 0.93779994], 196510.224, [6.58443575 5.3273442  1.98958089]]
[1, [9.972957   7.39510136 1.28377509], 196510.224, [6.58443575 5.3273442  1.98958089]]
X[1, [9.97437508 4.25429321 3.79951794], 196512.424, [6.45417923 6.0304894  3.73792326]]
[2, [9.97846769 4.6009644  3.91111674], 196512.424, [6.45417923 6.0304894  3.73792326]]
[1, [9.97371008 4.3666923  4.06167338], 196512.424, [6.45417923 6.0304894  3.73792326]]
X[1, [9.973672   4.25799153 3.8035252 ], 196512.464, [6.45339524 6.03423011 3.79003217]]
[2, [9.97835642 4.60437827 3.91950722], 196512.464, [6.45339524 6.03423011 3.79003217]]
[1, [9.97464537 4.36516901 4.07016723], 196512.464, [6.45339524 6.03423011 3.79003217]]
X[1, [9.97521214 4.25605075 3.81463061], 196512.504, [6.45263832 6.03783479 3.84040055]]
[2, [9.97826512 4.6076851  3.92636748], 196512.504, [6.45263832 6.03783479 3.84040055]]
[1, [9.97453305 4.36841229 4.07704572], 196512.504, [6.45263832 6.03783479 3.84040055]]
X[1, [9.97360714 4.25417196 3.80029579], 196512.524, [6.45226983 6.03958668 3.86496823]]
[2, [9.97847197 4.60054097 3.91632059], 196512.524, [6.45226983 6.03958668 3.86496823]]
[1, [9.97361994 4.36610981 4.06698465], 196512.524, [6.45226983 6.03958668 3.86496823]]
X[1, [9.97468102 4.25512899 3.78549305], 196512.544, [6.45190786 6.04130526 3.88914872]]
[2, [9.97869103 4.60200982 3.89722938], 196512.544, [6.45190786 6.04130526 3.88914872]]
[1, [9.97397823 4.36745345 4.04795898], 196512.544, [6.45190786 6.04130526 3.88914872]]
X[1, [9.97515963 4.25205951 3.77034885], 196512.564, [6.45155229 6.04299077 3.91294751]]
[2, [9.9789087  4.60345645 3.88642401], 196512.564, [6.45155229 6.04299077 3.91294751]]
[1, [9.97516681 4.36402917 4.03723905], 196512.564, [6.45155229 6.04299077 3.91294751]]
X[1, [ 9.96957298 12.2743474   3.8218586 ], 196516.644, [ 6.43367645 12.55085837  4.50647283]]
[1, [ 9.97359156 13.5426405   3.89092216], 196516.644, [ 6.43367645 12.55085837  4.50647283]]
[2, [ 9.97480402 11.9248569   3.93779139], 196516.644, [ 6.43367645 12.55085837  4.50647283]]
[1, [ 9.97355324 15.11934539  4.0174459 ], 196516.644, [ 6.43367645 12.55085837  4.50647283]]
[1, [ 9.96958572 12.16550972  4.09121105], 196516.644, [ 6.43367645 12.55085837  4.50647283]]
[1, [ 9.97351215 13.34656949  4.11847619], 196516.644, [ 6.43367645 12.55085837  4.50647283]]
[1, [ 9.97456576 14.84007832  4.11615235], 196516.644, [ 6.43367645 12.55085837  4.50647283]]
X[1, [ 9.96828351 12.25047084  3.81957197], 196516.664, [ 6.43363174 12.58119676  4.51271239]]
[1, [ 9.97357399 13.5226307   3.88318307], 196516.664, [ 6.43363174 12.58119676  4.51271239]]
[2, [ 9.97483419 11.90477557  3.9341632 ], 196516.664, [ 6.43363174 12.58119676  4.51271239]]
[1, [ 9.97361459 15.09904019  4.01414924], 196516.664, [ 6.43363174 12.58119676  4.51271239]]
[1, [ 9.96963744 12.14507912  4.08827469], 196516.664, [ 6.43363174 12.58119676  4.51271239]]
[1, [ 9.97354425 13.32592893  4.1101771 ], 196516.664, [ 6.43363174 12.58119676  4.51271239]]
[1, [ 9.97459322 14.81944882  4.11206647], 196516.664, [ 6.43363174 12.58119676  4.51271239]]
X[1, [ 9.96962208 12.2343383   3.81643224], 196516.684, [ 6.43358706 12.61097013  4.51896665]]
[1, [ 9.97437441 13.50224503  3.8791797 ], 196516.684, [ 6.43358706 12.61097013  4.51896665]]
[2, [ 9.9748696  11.88403908  3.93043634], 196516.684, [ 6.43358706 12.61097013  4.51896665]]
[1, [ 9.97361604 15.07800445  4.00138762], 196516.684, [ 6.43358706 12.61097013  4.51896665]]
[1, [ 9.96965255 12.12402472  4.08519324], 196516.684, [ 6.43358706 12.61097013  4.51896665]]
[1, [ 9.97465561 13.3093488   4.10998603], 196516.684, [ 6.43358706 12.61097013  4.51896665]]
[1, [ 9.97433593 14.80234961  4.10292079], 196516.684, [ 6.43358706 12.61097013  4.51896665]]
X[1, [ 9.96833073 12.21799834  3.81359999], 196516.704, [ 6.43354237 12.64017926  4.52521715]]
[1, [ 9.97472233 13.48557453  3.87497913], 196516.704, [ 6.43354237 12.64017926  4.52521715]]
[2, [ 9.97461798 11.86723056  3.93076184], 196516.704, [ 6.43354237 12.64017926  4.52521715]]
[1, [ 9.97442491 15.06583956  3.99258724], 196516.704, [ 6.43354237 12.64017926  4.52521715]]
[1, [ 9.96836706 12.10700985  4.08196343], 196516.704, [ 6.43354237 12.64017926  4.52521715]]
[1, [ 9.97364984 13.29174991  4.10114356], 196516.704, [ 6.43354237 12.64017926  4.52521715]]
[1, [ 9.97467639 14.78518334  4.09349843], 196516.704, [ 6.43354237 12.64017926  4.52521715]]
X[1, [ 9.96834899 12.22757948  3.81438019], 196516.744, [ 6.43345287 12.69690571  4.53756728]]
[1, [ 9.97470713 13.49466677  3.87543037], 196516.744, [ 6.43345287 12.69690571  4.53756728]]
[1, [ 9.97369293 15.07364556  3.99925752], 196516.744, [ 6.43345287 12.69690571  4.53756728]]
[2, [ 9.97462156 11.87593831  3.92921427], 196516.744, [ 6.43345287 12.69690571  4.53756728]]
[1, [ 9.96969084 12.11893029  4.08181965], 196516.744, [ 6.43345287 12.69690571  4.53756728]]
[1, [ 9.97465529 14.79283659  4.0938396 ], 196516.744, [ 6.43345287 12.69690571  4.53756728]]
[1, [ 9.97364245 13.29935153  4.10901341], 196516.744, [ 6.43345287 12.69690571  4.53756728]]
X[1, [ 9.96972472 12.2097726   3.81823404], 196516.764, [ 6.43340816 12.72441953  4.54359838]]
[1, [ 9.97474021 13.48119077  3.87520939], 196516.764, [ 6.43340816 12.72441953  4.54359838]]
[1, [ 9.97443744 15.06035535  3.99122121], 196516.764, [ 6.43340816 12.72441953  4.54359838]]
[2, [ 9.97425737 11.86233308  3.92794001], 196516.764, [ 6.43340816 12.72441953  4.54359838]]
[1, [ 9.96975723 12.10479068  4.07694817], 196516.764, [ 6.43340816 12.72441953  4.54359838]]
[1, [ 9.97471299 14.77869801  4.08932149], 196516.764, [ 6.43340816 12.72441953  4.54359838]]
[1, [ 9.97366521 13.28513406  4.09944627], 196516.764, [ 6.43340816 12.72441953  4.54359838]]
X[1, [ 9.96964086 12.22403468  3.81787931], 196516.804, [ 6.43331915 12.77774062  4.55528659]]
[1, [ 9.97363088 13.49056615  3.87347124], 196516.804, [ 6.43331915 12.77774062  4.55528659]]
[1, [ 9.97467524 15.06954431  3.99372213], 196516.804, [ 6.43331915 12.77774062  4.55528659]]
[2, [ 9.97459488 11.87575922  3.92988293], 196516.804, [ 6.43331915 12.77774062  4.55528659]]
[1, [ 9.97468555 14.79145017  4.09468083], 196516.804, [ 6.43331915 12.77774062  4.55528659]]
[1, [ 9.96932135 12.11327611  4.08035753], 196516.804, [ 6.43331915 12.77774062  4.55528659]]
[1, [ 9.97362353 13.29775218  4.10511595], 196516.804, [ 6.43331915 12.77774062  4.55528659]]
X[1, [ 9.96833708 12.23159487  3.81736628], 196516.844, [ 6.43323079 12.8287906   4.56652424]]
[1, [ 9.97365661 13.50190725  3.8790897 ], 196516.844, [ 6.43323079 12.8287906   4.56652424]]
[1, [ 9.97366715 15.07535462  3.99873666], 196516.844, [ 6.43323079 12.8287906   4.56652424]]
[2, [ 9.97349977 11.88268873  3.93186069], 196516.844, [ 6.43323079 12.8287906   4.56652424]]
[1, [ 9.97363812 14.79681529  4.09826612], 196516.844, [ 6.43323079 12.8287906   4.56652424]]
[1, [ 9.96833168 12.12376519  4.08354354], 196516.844, [ 6.43323079 12.8287906   4.56652424]]
[1, [ 9.974706   13.30372848  4.1095339 ], 196516.844, [ 6.43323079 12.8287906   4.56652424]]
X[1, [ 9.96946088 12.2061152   3.8243281 ], 196516.864, [ 6.43318669 12.85346706  4.57202827]]
[1, [ 9.97369909 13.47681378  3.86808822], 196516.864, [ 6.43318669 12.85346706  4.57202827]]
[1, [ 9.97468728 15.05543269  3.9658783 ], 196516.864, [ 6.43318669 12.85346706  4.57202827]]
[1, [ 9.97438272 14.78063973  4.06914559], 196516.864, [ 6.43318669 12.85346706  4.57202827]]
[2, [ 9.97471567 11.86085202  3.9466616 ], 196516.864, [ 6.43318669 12.85346706  4.57202827]]
[1, [ 9.97468959 13.28666741  4.09815408], 196516.864, [ 6.43318669 12.85346706  4.57202827]]
[1, [ 9.96846527 12.10634753  4.09496573], 196516.864, [ 6.43318669 12.85346706  4.57202827]]
X[1, [ 9.97471918 15.11835043  4.01592526], 196517.104, [ 6.43270679 13.0895815   4.62972357]]
[1, [ 9.97470711 13.54267596  3.88610393], 196517.104, [ 6.43270679 13.0895815   4.62972357]]
[1, [ 9.97465764 14.83836043  4.12021746], 196517.104, [ 6.43270679 13.0895815   4.62972357]]
[1, [ 9.96965889 12.27362826  3.8241192 ], 196517.104, [ 6.43270679 13.0895815   4.62972357]]
[1, [ 9.97464056 13.34760427  4.11801702], 196517.104, [ 6.43270679 13.0895815   4.62972357]]
[2, [ 9.97262262 11.92650864  3.9343316 ], 196517.104, [ 6.43270679 13.0895815   4.62972357]]
[1, [ 9.96968351 12.1615688   4.08636964], 196517.104, [ 6.43270679 13.0895815   4.62972357]]
X[1, [ 9.9745234  15.12332453  4.01727899], 196517.144, [ 6.43265701 13.11520808  4.63963845]]
[1, [ 9.97457307 13.54782637  3.88814592], 196517.144, [ 6.43265701 13.11520808  4.63963845]]
[1, [ 9.97455059 14.84518924  4.11464709], 196517.144, [ 6.43265701 13.11520808  4.63963845]]
[1, [ 9.97049148 12.27874221  3.82914824], 196517.144, [ 6.43265701 13.11520808  4.63963845]]
[1, [ 9.97355559 13.34970435  4.12077598], 196517.144, [ 6.43265701 13.11520808  4.63963845]]
[2, [ 9.97336712 11.92858922  3.93652314], 196517.144, [ 6.43265701 13.11520808  4.63963845]]
[1, [ 9.97047995 12.1682586   4.09219569], 196517.144, [ 6.43265701 13.11520808  4.63963845]]
X[1, [ 9.97494417 15.11593505  4.02183845], 196517.164, [ 6.43264167 13.1266796   4.64482586]]
[1, [ 9.97480923 13.54091628  3.88811198], 196517.164, [ 6.43264167 13.1266796   4.64482586]]
[1, [ 9.97488451 14.83787759  4.11996347], 196517.164, [ 6.43264167 13.1266796   4.64482586]]
[1, [ 9.97061218 12.27285056  3.82377914], 196517.164, [ 6.43264167 13.1266796   4.64482586]]
[1, [ 9.97375287 13.34464635  4.11270798], 196517.164, [ 6.43264167 13.1266796   4.64482586]]
[2, [ 9.97341655 11.92298267  3.93207419], 196517.164, [ 6.43264167 13.1266796   4.64482586]]
[1, [ 9.97055072 12.16307104  4.08716482], 196517.164, [ 6.43264167 13.1266796   4.64482586]]
X[1, [ 9.97432982 15.11025423  4.02394363], 196517.184, [ 6.43263465 13.1373092   4.6500592 ]]
[1, [ 9.974983   13.54035598  3.88901227], 196517.184, [ 6.43263465 13.1373092   4.6500592 ]]
[1, [ 9.97417606 14.83254806  4.12331431], 196517.184, [ 6.43263465 13.1373092   4.6500592 ]]
[1, [ 9.96937897 12.27048546  3.81282127], 196517.184, [ 6.43263465 13.1373092   4.6500592 ]]
[1, [ 9.97482369 13.34079361  4.11373041], 196517.184, [ 6.43263465 13.1373092   4.6500592 ]]
[2, [ 9.97217057 11.92061213  3.92693405], 196517.184, [ 6.43263465 13.1373092   4.6500592 ]]
[1, [ 9.9695766  12.15692507  4.08024756], 196517.184, [ 6.43263465 13.1373092   4.6500592 ]]
X[1, [ 9.97425242 15.11506574  4.01945474], 196517.224, [ 6.4326495  13.15623491  4.66033332]]
[1, [ 9.97394993 13.54123989  3.88307946], 196517.224, [ 6.4326495  13.15623491  4.66033332]]
[1, [ 9.97516827 14.83564317  4.11231038], 196517.224, [ 6.4326495  13.15623491  4.66033332]]
[1, [ 9.97051428 12.27040971  3.81946748], 196517.224, [ 6.4326495  13.15623491  4.66033332]]
[1, [ 9.97305739 13.34337182  4.11427921], 196517.224, [ 6.4326495  13.15623491  4.66033332]]
[2, [ 9.97329755 11.92225538  3.93292522], 196517.224, [ 6.4326495  13.15623491  4.66033332]]
[1, [ 9.96829939 12.16033838  4.08863177], 196517.224, [ 6.4326495  13.15623491  4.66033332]]
X[1, [ 9.97526421 15.11472464  4.01519974], 196517.264, [ 6.43270826 13.17232081  4.67000896]]
[1, [ 9.97489242 13.53840999  3.88720203], 196517.264, [ 6.43270826 13.17232081  4.67000896]]
[1, [ 9.97584956 14.83848977  4.11307079], 196517.264, [ 6.43270826 13.17232081  4.67000896]]
[1, [ 9.9704716  12.27178437  3.82430028], 196517.264, [ 6.43270826 13.17232081  4.67000896]]
[1, [ 9.97377794 13.34527456  4.1148317 ], 196517.264, [ 6.43270826 13.17232081  4.67000896]]
[2, [ 9.97325828 11.92371325  3.93772663], 196517.264, [ 6.43270826 13.17232081  4.67000896]]
[1, [ 9.96922558 12.16202626  4.08898063], 196517.264, [ 6.43270826 13.17232081  4.67000896]]
X[1, [ 9.97491486 15.11825907  4.01588731], 196517.304, [ 6.43281977 13.18570561  4.67895491]]
[1, [ 9.97295615 13.54484903  3.88919959], 196517.304, [ 6.43281977 13.18570561  4.67895491]]
[1, [ 9.97482428 14.84049605  4.11755917], 196517.304, [ 6.43281977 13.18570561  4.67895491]]
[1, [ 9.96961064 12.27461208  3.82229739], 196517.304, [ 6.43281977 13.18570561  4.67895491]]
[1, [ 9.97364466 13.34633384  4.11966041], 196517.304, [ 6.43281977 13.18570561  4.67895491]]
[2, [ 9.97327796 11.9255877   3.93891509], 196517.304, [ 6.43281977 13.18570561  4.67895491]]
[1, [ 9.97044158 12.16733142  4.09113613], 196517.304, [ 6.43281977 13.18570561  4.67895491]]
X[1, [ 9.97351869 15.11935489  4.01519348], 196517.344, [ 6.43299246 13.19647441  4.68712184]]
[1, [ 9.97465033 13.54577218  3.88864619], 196517.344, [ 6.43299246 13.19647441  4.68712184]]
[1, [ 9.97449279 14.84647909  4.11820613], 196517.344, [ 6.43299246 13.19647441  4.68712184]]
[1, [ 9.97064671 12.2794554   3.8267848 ], 196517.344, [ 6.43299246 13.19647441  4.68712184]]
[1, [ 9.9746522  13.3483724   4.11573341], 196517.344, [ 6.43299246 13.19647441  4.68712184]]
[2, [ 9.97359528 11.93183565  3.94042801], 196517.344, [ 6.43299246 13.19647441  4.68712184]]
[1, [ 9.96952057 12.16995149  4.09146611], 196517.344, [ 6.43299246 13.19647441  4.68712184]]
X[1, [ 9.97565413 15.1156516   4.01582162], 196517.364, [ 6.43310298 13.2009318   4.69085309]]
[1, [ 9.97380919 13.53994525  3.89037868], 196517.364, [ 6.43310298 13.2009318   4.69085309]]
[1, [ 9.97551571 14.83870025  4.10998144], 196517.364, [ 6.43310298 13.2009318   4.69085309]]
[1, [ 9.96917321 12.27063732  3.82422006], 196517.364, [ 6.43310298 13.2009318   4.69085309]]
[1, [ 9.97366013 13.34259973  4.11750467], 196517.364, [ 6.43310298 13.2009318   4.69085309]]
[2, [ 9.97231527 11.92330357  3.93783954], 196517.364, [ 6.43310298 13.2009318   4.69085309]]
[1, [ 9.96907398 12.16526056  4.08914297], 196517.364, [ 6.43310298 13.2009318   4.69085309]]
X[1, [ 9.97409785 15.12168366  4.01954809], 196517.404, [ 6.43337341 13.20809258  4.69736618]]
[1, [ 9.97474024 13.54572343  3.8867839 ], 196517.404, [ 6.43337341 13.20809258  4.69736618]]
[1, [ 9.97501303 14.84007785  4.11176053], 196517.404, [ 6.43337341 13.20809258  4.69736618]]
[1, [ 9.96947265 12.28012134  3.82471959], 196517.404, [ 6.43337341 13.20809258  4.69736618]]
[1, [ 9.97467206 13.3472228   4.11315602], 196517.404, [ 6.43337341 13.20809258  4.69736618]]
[2, [ 9.97310692 11.92330125  3.93979844], 196517.404, [ 6.43337341 13.20809258  4.69736618]]
[1, [ 9.97024405 12.16418131  4.09200246], 196517.404, [ 6.43337341 13.20809258  4.69736618]]
X[1, [ 9.97345254 15.1259746   4.01559041], 196517.444, [ 6.43371158 13.2129852   4.7022712 ]]
[1, [ 9.97460274 13.54650134  3.89040188], 196517.444, [ 6.43371158 13.2129852   4.7022712 ]]
[1, [ 9.97344131 14.84574359  4.11563837], 196517.444, [ 6.43371158 13.2129852   4.7022712 ]]
[1, [ 9.97064135 12.28103701  3.82471559], 196517.444, [ 6.43371158 13.2129852   4.7022712 ]]
[1, [ 9.97358343 13.35075311  4.11639536], 196517.444, [ 6.43371158 13.2129852   4.7022712 ]]
[2, [ 9.97323242 11.93287142  3.93911681], 196517.444, [ 6.43371158 13.2129852   4.7022712 ]]
[1, [ 9.97075477 12.17288911  4.08829551], 196517.444, [ 6.43371158 13.2129852   4.7022712 ]]
X[1, [ 9.97613305 15.11741702  4.01174267], 196517.464, [ 6.43390728 13.21459165  4.7040624 ]]
[1, [ 9.9738584  13.54298953  3.89119254], 196517.464, [ 6.43390728 13.21459165  4.7040624 ]]
[1, [ 9.9748633  14.83991597  4.11174998], 196517.464, [ 6.43390728 13.21459165  4.7040624 ]]
[1, [ 9.96966935 12.273005    3.82873424], 196517.464, [ 6.43390728 13.21459165  4.7040624 ]]
[1, [ 9.9746257  13.34641173  4.1160535 ], 196517.464, [ 6.43390728 13.21459165  4.7040624 ]]
[2, [ 9.97190795 11.92495001  3.9417995 ], 196517.464, [ 6.43390728 13.21459165  4.7040624 ]]
[1, [ 9.9695545  12.16398511  4.09174695], 196517.464, [ 6.43390728 13.21459165  4.7040624 ]]
X[1, [ 9.97438971 15.11739288  4.01854512], 196517.504, [ 6.43435636 13.21610368  4.70639219]]
[1, [ 9.97371523 13.54533773  3.89291307], 196517.504, [ 6.43435636 13.21610368  4.70639219]]
[1, [ 9.97421027 14.84317067  4.11664417], 196517.504, [ 6.43435636 13.21610368  4.70639219]]
[1, [ 9.97002898 12.27546219  3.82775253], 196517.504, [ 6.43435636 13.21610368  4.70639219]]
[1, [ 9.97459006 13.34658414  4.11600853], 196517.504, [ 6.43435636 13.21610368  4.70639219]]
[2, [ 9.97277255 11.92618195  3.94178673], 196517.504, [ 6.43435636 13.21610368  4.70639219]]
[1, [ 9.96998643 12.16413491  4.08954319], 196517.504, [ 6.43435636 13.21610368  4.70639219]]
X[1, [10.02450145  7.40748778  1.07578782], 196528.184, [13.64648039  5.03287153  2.03900643]]
[1, [10.02461549  7.60819902  1.30594365], 196528.184, [13.64648039  5.03287153  2.03900643]]
X[1, [10.02383992  7.39309247  1.06907396], 196528.204, [13.64834421  5.06036323  2.04299002]]
[1, [10.02392686  7.59298818  1.30002411], 196528.204, [13.64834421  5.06036323  2.04299002]]
X[1, [10.02529686  7.40137775  1.07330795], 196528.244, [13.65196226  5.11376461  2.05093958]]
[1, [10.02461761  7.60010433  1.30097745], 196528.244, [13.65196226  5.11376461  2.05093958]]
X[1, [10.02491685  7.41265077  1.07928192], 196528.284, [13.65543446  5.16504082  2.05882847]]
[1, [10.02393885  7.61471502  1.30377222], 196528.284, [13.65543446  5.16504082  2.05882847]]
X[1, [10.02421477  7.41853586  1.08187285], 196528.324, [13.65876119  5.21418058  2.06659669]]
[1, [10.02421711  7.62279953  1.30824687], 196528.324, [13.65876119  5.21418058  2.06659669]]
X[1, [10.02431856  7.40885386  1.07750321], 196528.344, [13.66036988  5.23794257  2.07042117]]
[1, [10.02447675  7.603187    1.30446719], 196528.344, [13.66036988  5.23794257  2.07042117]]
X[1, [10.02393081  7.41479493  1.08093743], 196528.384, [13.66347798  5.28384467  2.07794509]]
[1, [10.0247959   7.61645516  1.30504969], 196528.384, [13.66347798  5.28384467  2.07794509]]
X[1, [10.03101057  4.23900507  3.80243355], 196530.564, [13.70360506  5.89825775  3.73484007]]
[2, [10.02570418  4.58803596  3.9193693 ], 196530.564, [13.70360506  5.89825775  3.73484007]]
[1, [10.03097552  4.34722848  4.07234792], 196530.564, [13.70360506  5.89825775  3.73484007]]
X[1, [10.03097354  4.24025433  3.79213842], 196530.584, [13.70362764  5.89964691  3.76074738]]
[2, [10.02562661  4.58926012  3.89999769], 196530.584, [13.70362764  5.89964691  3.76074738]]
[1, [10.03102317  4.34848716  4.05301436], 196530.584, [13.70362764  5.89964691  3.76074738]]
X[1, [10.03084318  4.24143356  3.77232769], 196530.604, [13.70364786  5.90101111  3.78621718]]
[2, [10.02566827  4.58146788  3.88922706], 196530.604, [13.70364786  5.90101111  3.78621718]]
[1, [10.02996601  4.34922684  4.03781452], 196530.604, [13.70364786  5.90101111  3.78621718]]
X[1, [10.03234797  4.24131361  3.81019666], 196530.664, [13.70369445  5.90495457  3.86011286]]
[2, [10.02570951  4.58514943  3.91800107], 196530.664, [13.70369445  5.90495457  3.86011286]]
[1, [10.03242805  4.34944441  4.07101623], 196530.664, [13.70369445  5.90495457  3.86011286]]
X[1, [10.03102023  4.23848055  3.81261931], 196530.704, [13.70371504  5.90746221  3.90743332]]
[2, [10.02572128  4.587507    3.92945091], 196530.704, [13.70371504  5.90746221  3.90743332]]
[1, [10.03238202  4.35177019  4.08255538], 196530.704, [13.70371504  5.90746221  3.90743332]]
X[1, [10.03107392  4.24076693  3.82243328], 196530.744, [13.70372845  5.90987728  3.9531728 ]]
[2, [10.02570638  4.58977784  3.93918312], 196530.744, [13.70372845  5.90987728  3.9531728 ]]
[1, [10.03005466  4.34846471  4.08791586], 196530.744, [13.70372845  5.90987728  3.9531728 ]]
X[1, [10.03098287  4.24181589  3.80874947], 196530.764, [13.70373255  5.91105152  3.97540175]]
[2, [10.02501745  4.58608632  3.92541741], 196530.764, [13.70373255  5.91105152  3.97540175]]
[1, [10.0300751   4.34958046  4.07422556], 196530.764, [13.70373255  5.91105152  3.97540175]]
X[1, [10.03091838  4.24394998  3.81607477], 196530.804, [13.70373587  5.91333628  4.01849338]]
[2, [10.02574734  4.584015    3.93270446], 196530.804, [13.70373587  5.91333628  4.01849338]]
[1, [10.03004661  4.35174052  4.08154515], 196530.804, [13.70373587  5.91333628  4.01849338]]
X[1, [10.03093403  4.24502747  3.83691356], 196530.824, [13.70373537  5.91444781  4.03934446]]
[2, [10.02575862  4.58509525  3.95353499], 196530.824, [13.70373537  5.91444781  4.03934446]]
[1, [10.03005761  4.35282439  4.10238134], 196530.824, [13.70373537  5.91444781  4.03934446]]
X[1, [10.03130458  4.24174201  3.82525951], 196530.844, [13.70373347  5.91553946  4.05973602]]
[2, [10.02574054  4.58614451  3.93729852], 196530.844, [13.70373347  5.91553946  4.05973602]]
[1, [10.03243281  4.35043714  4.09071413], 196530.844, [13.70373347  5.91553946  4.05973602]]
X[1, [10.03096466  4.23823224  3.81105716], 196530.864, [13.70372976  5.91661135  4.07967883]]
[2, [10.02567323  4.58724875  3.92785091], 196530.864, [13.70372976  5.91661135  4.07967883]]
[1, [10.03237113  4.35145668  4.0811702 ], 196530.864, [13.70372976  5.91661135  4.07967883]]
X[1, [10.03098944  4.24102458  3.81520751], 196530.904, [13.70371063  5.91868453  4.11824694]]
[2, [10.02567393  4.58976893  3.93290874], 196530.904, [13.70371063  5.91868453  4.11824694]]
[1, [10.03100895  4.34846217  4.08561497], 196530.904, [13.70371063  5.91868453  4.11824694]]
X[1, [10.02980676  4.24183487  3.80852318], 196530.924, [13.70369239  5.91967637  4.13687734]]
[2, [10.0249367   4.58625293  3.92208729], 196530.924, [13.70369239  5.91967637  4.13687734]]
[1, [10.0310631   4.34963945  4.07466188], 196530.924, [13.70369239  5.91967637  4.13687734]]
X[1, [10.03194228  4.24060516  3.81298026], 196530.964, [13.70363279  5.92155405  4.17281228]]
[2, [10.025437    4.58423857  3.92206033], 196530.964, [13.70363279  5.92155405  4.17281228]]
[1, [10.03094402  4.35191716  4.07452048], 196530.964, [13.70363279  5.92155405  4.17281228]]
X[1, [10.03032899  4.23634685  3.81426391], 196530.984, [13.70358379  5.92243855  4.1901045 ]]
[2, [10.02527366  4.58534549  3.92355957], 196530.984, [13.70358379  5.92243855  4.1901045 ]]
[1, [10.03241809  4.34934706  4.07613738], 196530.984, [13.70358379  5.92243855  4.1901045 ]]
X[1, [10.03088811  4.24131619  3.82122657], 196531.044, [13.70328026  5.9248812   4.23922275]]
[2, [10.02595052  4.59060882  3.93506489], 196531.044, [13.70328026  5.9248812   4.23922275]]
[1, [10.0298782   4.34915468  4.08759555], 196531.044, [13.70328026  5.9248812   4.23922275]]
X[1, [10.03231093  4.23555551  3.80430383], 196531.024, [13.70341527  5.92410142  4.22331106]]
[2, [10.02590093  4.57953333  3.91337913], 196531.024, [13.70341527  5.92410142  4.22331106]]
[1, [10.03365193  4.34417193  4.06614843], 196531.024, [13.70341527  5.92410142  4.22331106]]
X[1, [10.0309427   4.2414258   3.82173099], 196531.104, [13.70258855  5.92702683  4.28423667]]
[2, [10.02494668  4.58570832  3.93054138], 196531.104, [13.70258855  5.92702683  4.28423667]]
[1, [10.03113262  4.35049183  4.08358778], 196531.104, [13.70258855  5.92702683  4.28423667]]
X[1, [10.03182016  4.23698057  3.81227619], 196531.124, [13.70224486  5.92768257  4.2983484 ]]
[2, [10.02640046  4.58587106  3.93002161], 196531.124, [13.70224486  5.92768257  4.2983484 ]]
[1, [10.03230572  4.34644847  4.08310039], 196531.124, [13.70224486  5.92768257  4.2983484 ]]
X[1, [10.03180778  4.2385347   3.81789667], 196531.164, [13.70135722  5.92891625  4.32524555]]
[2, [10.02672201  4.58723509  3.93062622], 196531.164, [13.70135722  5.92891625  4.32524555]]
[1, [10.03203957  4.34838422  4.07941207], 196531.164, [13.70135722  5.92891625  4.32524555]]
X[1, [10.03371608  4.23706058  3.81665368], 196531.184, [13.70080179  5.92949915  4.33802797]]
[2, [10.02737564  4.58026572  3.9242933 ], 196531.184, [13.70080179  5.92949915  4.33802797]]
[1, [10.03424026  4.33822679  4.07787182], 196531.184, [13.70080179  5.92949915  4.33802797]]
X[1, [10.03564862  4.22762013  3.81047841], 196531.204, [13.70016532  5.93006284  4.35036317]]
[2, [10.03041522  4.57525134  3.92243174], 196531.204, [13.70016532  5.93006284  4.35036317]]
[1, [10.03726488  4.33847509  4.07600728], 196531.204, [13.70016532  5.93006284  4.35036317]]
X[1, [10.03293272  4.23749274  3.815192  ], 196531.264, [13.69772419  5.93165823  4.38468425]]
[2, [10.02728071  4.58371871  3.93079255], 196531.264, [13.69772419  5.93165823  4.38468425]]
[1, [10.0332016   4.34811274  4.08452692], 196531.264, [13.69772419  5.93165823  4.38468425]]
X[1, [10.03177127  4.24318349  3.81813808], 196531.304, [13.69561167  5.93265745  4.40534445]]
[2, [10.02633691  4.58814658  3.93310469], 196531.304, [13.69561167  5.93265745  4.40534445]]
[1, [10.03203195  4.34491099  4.08685498], 196531.304, [13.69561167  5.93265745  4.40534445]]
X[1, [10.0304384   4.24364149  3.81940711], 196531.344, [13.69307857  5.93361721  4.42426437]]
[2, [10.02435109  4.59112789  3.93354465], 196531.344, [13.69307857  5.93361721  4.42426437]]
[1, [10.03061376  4.35408636  4.08734797], 196531.344, [13.69307857  5.93361721  4.42426437]]
X[1, [10.04690857  4.21096593  3.80839284], 196531.324, [13.69439935  5.93314172  4.41502085]]
[2, [10.03809369  4.55645     3.92187682], 196531.324, [13.69439935  5.93314172  4.41502085]]
[1, [10.04687401  4.32095877  4.0754593 ], 196531.324, [13.69439935  5.93314172  4.41502085]]
X[1, [10.04062019  4.22829598  3.810327  ], 196531.384, [13.69010253  5.93454561  4.44144991]]
[2, [10.03286377  4.57158557  3.92288878], 196531.384, [13.69010253  5.93454561  4.44144991]]
[1, [10.04028753  4.3376352   4.07628449], 196531.384, [13.69010253  5.93454561  4.44144991]]
X[1, [10.03760003  4.22894134  3.8160157 ], 196531.424, [13.6866864   5.93544818  4.45690263]]
[2, [10.03062627  4.57864096  3.9277572 ], 196531.424, [13.6866864   5.93544818  4.45690263]]
[1, [10.03757303  4.33754022  4.08082951], 196531.424, [13.6866864   5.93544818  4.45690263]]
X[1, [10.03614826  4.23388286  3.82031762], 196531.464, [13.68284585  5.93632729  4.47073992]]
[2, [10.02848601  4.58044239  3.9353829 ], 196531.464, [13.68284585  5.93632729  4.47073992]]
[1, [10.0338876   4.34516102  4.08792894], 196531.464, [13.68284585  5.93632729  4.47073992]]
X[1, [10.04092203  4.2198169   3.81939918], 196531.484, [13.68075975  5.93675929  4.47715598]]
[2, [10.03475665  4.56891383  3.93388638], 196531.484, [13.68075975  5.93675929  4.47715598]]
[1, [10.04077903  4.32723582  4.08167152], 196531.484, [13.68075975  5.93675929  4.47715598]]
X[1, [10.05085431  4.20195996  3.81569426], 196531.504, [13.6785552   5.93718728  4.48331233]]
[2, [10.0432096   4.55151382  3.92880387], 196531.504, [13.6785552   5.93718728  4.48331233]]
[1, [10.05147858  4.31346031  4.08507809], 196531.504, [13.6785552   5.93718728  4.48331233]]
X[1, [10.03712947  4.23200471  3.8209625 ], 196531.564, [13.6711828   5.93845356  4.50075439]]
[2, [10.0299158   4.57649615  3.93238844], 196531.564, [13.6711828   5.93845356  4.50075439]]
[1, [10.03467411  4.34039081  4.08350075], 196531.564, [13.6711828   5.93845356  4.50075439]]
X[1, [10.03069613  4.2396157   3.81910492], 196531.604, [13.66562056  5.93928711  4.51190966]]
[2, [10.02625303  4.5846214   3.93370571], 196531.604, [13.66562056  5.93928711  4.51190966]]
[1, [10.03191335  4.34844437  4.08439514], 196531.604, [13.66562056  5.93928711  4.51190966]]
X[1, [10.02666263  4.25212218  3.82170048], 196531.644, [13.659527    5.94011749  4.52295713]]
[2, [10.02219265  4.59564476  3.93434647], 196531.644, [13.659527    5.94011749  4.52295713]]
[1, [10.02678329  4.3551668   4.08442238], 196531.644, [13.659527    5.94011749  4.52295713]]
X[1, [10.03909714  4.22558424  3.82037563], 196531.664, [13.65626512  5.94053451  4.52851963]]
[2, [10.03297328  4.57495294  3.93077533], 196531.664, [13.65626512  5.94053451  4.52851963]]
[1, [10.03963192  4.3355351   4.08443983], 196531.664, [13.65626512  5.94053451  4.52851963]]
X[1, [10.05164098  4.21023665  3.81503631], 196531.684, [13.65285142  5.940954    4.53416209]]
[2, [10.04241167  4.55647831  3.92719434], 196531.684, [13.65285142  5.940954    4.53416209]]
[1, [10.05059426  4.31781662  4.08008161], 196531.684, [13.65285142  5.940954    4.53416209]]
X[1, [10.04544147  4.21958677  3.81635641], 196531.724, [13.64556653  5.94179924  4.54587788]]
[2, [10.03808659  4.56282659  3.93490173], 196531.724, [13.64556653  5.94179924  4.54587788]]
[1, [10.04493614  4.32509157  4.08641497], 196531.724, [13.64556653  5.94179924  4.54587788]]
X[1, [10.04019     4.23077319  3.81818454], 196531.764, [13.63766598  5.94264879  4.55850522]]
[2, [10.03284654  4.5772269   3.93381378], 196531.764, [13.63766598  5.94264879  4.55850522]]
[1, [10.0398127   4.34159272  4.08448549], 196531.764, [13.63766598  5.94264879  4.55850522]]
X[1, [10.05350009  4.20774417  3.81795226], 196531.784, [13.63347104  5.94307648  4.56527828]]
[2, [10.044573    4.55342849  3.93068829], 196531.784, [13.63347104  5.94307648  4.56527828]]
[1, [10.05241503  4.31617328  4.08036906], 196531.784, [13.63347104  5.94307648  4.56527828]]
X[1, [15.96918347 12.03874627  3.74735657], 196539.124, [12.46556394 12.49559573  4.98620186]]
[1, [15.96885557 13.35701185  4.02066388], 196539.124, [12.46556394 12.49559573  4.98620186]]
[1, [15.96887485 14.84608177  4.01282789], 196539.124, [12.46556394 12.49559573  4.98620186]]
X[1, [15.96789793 12.05638952  3.74530427], 196539.164, [12.46559474 12.55768183  4.97851975]]
[1, [15.96884141 13.3676025   4.02112567], 196539.164, [12.46559474 12.55768183  4.97851975]]
[1, [15.96897758 14.85666778  4.0177614 ], 196539.164, [12.46559474 12.55768183  4.97851975]]
X[1, [15.96886435 12.03087052  3.75264715], 196539.184, [12.46560931 12.58785286  4.97491984]]
[1, [15.9692845  13.34562021  4.02469827], 196539.184, [12.46560931 12.58785286  4.97491984]]
[1, [15.967916   14.83811386  4.01840753], 196539.184, [12.46560931 12.58785286  4.97491984]]
X[1, [15.96920403 12.00860732  3.75158767], 196539.204, [12.46562341 12.61743877  4.97147595]]
[1, [15.96805568 14.81085748  4.0133646 ], 196539.204, [12.46562341 12.61743877  4.97147595]]
[1, [15.96783773 13.32223111  4.02404727], 196539.204, [12.46562341 12.61743877  4.97147595]]
X[1, [15.96913722 12.02201633  3.74986055], 196539.244, [12.4656506  12.67485365  4.96502037]]
[1, [15.96912442 14.8277033   4.0109948 ], 196539.244, [12.4656506  12.67485365  4.96502037]]
[1, [15.96916803 13.33857917  4.02122178], 196539.244, [12.4656506  12.67485365  4.96502037]]
X[1, [15.96886853 12.0690882   3.74710101], 196539.304, [12.46568827 12.75657277  4.95632604]]
[1, [15.96894597 14.87190819  4.01985997], 196539.304, [12.46568827 12.75657277  4.95632604]]
[1, [15.96786436 13.38261559  4.01938066], 196539.304, [12.46568827 12.75657277  4.95632604]]
X[1, [15.96886465 12.04688892  3.75018228], 196539.324, [12.46569961 12.78263106  4.95368432]]
[1, [15.96921739 14.85365689  4.01762659], 196539.324, [12.46569961 12.78263106  4.95368432]]
[1, [15.96890068 13.35994871  4.02140855], 196539.324, [12.46569961 12.78263106  4.95368432]]
X[1, [15.97018515 12.057253    3.74739806], 196539.364, [12.46572085 12.83297822  4.94878294]]
[1, [15.96786644 14.86214248  4.01640555], 196539.364, [12.46572085 12.83297822  4.94878294]]
[1, [15.96890175 13.37339352  4.01898563], 196539.364, [12.46572085 12.83297822  4.94878294]]
X[1, [15.96807771 12.01730461  3.76776593], 196539.384, [12.46573096 12.85726589  4.94653764]]
[1, [15.96800459 14.82626134  3.98420958], 196539.384, [12.46573096 12.85726589  4.94653764]]
[1, [15.96798302 13.33608901  4.01452292], 196539.384, [12.46573096 12.85726589  4.94653764]]
X[1, [15.97065903 11.97454918  3.79510361], 196539.404, [12.46574091 12.88094403  4.94446105]]
[1, [15.97029854 14.78760061  3.93419917], 196539.404, [12.46574091 12.88094403  4.94446105]]
[1, [15.96919404 13.29743828  4.00255567], 196539.404, [12.46574091 12.88094403  4.94446105]]
X[1, [15.97068854 14.86015629  4.0065709 ], 196539.464, [12.46577511 12.94766369  4.9396279 ]]
[1, [15.97062231 12.0534214   3.75114289], 196539.464, [12.46577511 12.94766369  4.9396279 ]]
[1, [15.96933457 13.37096995  4.02004444], 196539.464, [12.46577511 12.94766369  4.9396279 ]]
X[1, [15.97223444 14.85725573  4.02606717], 196539.484, [12.46579136 12.96816376  4.93862767]]
[1, [15.97198376 12.05014255  3.74918617], 196539.484, [12.46579136 12.96816376  4.93862767]]
[1, [15.97064346 13.36569309  4.03235141], 196539.484, [12.46579136 12.96816376  4.93862767]]
X[1, [15.96781682 14.87928904  4.0182113 ], 196539.544, [12.46590851 13.02400284  4.93784092]]
[1, [15.96792736 12.08007801  3.744239  ], 196539.544, [12.46590851 13.02400284  4.93784092]]
[1, [15.97003896 13.38996708  4.0215025 ], 196539.544, [12.46590851 13.02400284  4.93784092]]
X[1, [15.97658036 14.8528726   4.07911983], 196539.524, [12.46585145 13.00630299  4.93774403]]
[1, [15.97517124 12.05141055  3.74417785], 196539.524, [12.46585145 13.00630299  4.93774403]]
[1, [15.97385383 13.36296142  4.0506887 ], 196539.524, [12.46585145 13.00630299  4.93774403]]
X[1, [15.97163439 12.06705629  3.74465144], 196539.584, [12.46611854 13.05692778  4.93894811]]
[1, [15.97358481 14.87152177  4.05278438], 196539.584, [12.46611854 13.05692778  4.93894811]]
[1, [15.97252903 13.37721512  4.03488988], 196539.584, [12.46611854 13.05692778  4.93894811]]
X[1, [15.97065878 12.06931799  3.74138496], 196539.624, [12.46652728 13.08693033  4.9409277 ]]
[1, [15.97187784 14.87063711  4.0444648 ], 196539.624, [12.46652728 13.08693033  4.9409277 ]]
[1, [15.97082558 13.38467055  4.02951707], 196539.624, [12.46652728 13.08693033  4.9409277 ]]
X[1, [15.969249   12.07351179  3.73920521], 196539.664, [12.46721999 13.11445439  4.94339784]]
[1, [15.9703278  14.87194336  4.03099172], 196539.664, [12.46721999 13.11445439  4.94339784]]
[1, [15.96942034 13.38476896  4.02310821], 196539.664, [12.46721999 13.11445439  4.94339784]]
X[1, [15.96857375 12.07217375  3.74174211], 196539.704, [12.46826791 13.13987155  4.94610619]]
[1, [15.96940227 14.87569638  4.01942113], 196539.704, [12.46826791 13.13987155  4.94610619]]
[1, [15.96876934 13.38675149  4.02434599], 196539.704, [12.46826791 13.13987155  4.94610619]]
X[1, [15.96812876 12.06401313  3.74348659], 196539.724, [12.4689398  13.15188845  4.94749181]]
[1, [15.97228023 14.87043862  4.03477159], 196539.724, [12.4689398  13.15188845  4.94749181]]
[1, [15.96977227 13.38008865  4.02485387], 196539.724, [12.4689398  13.15188845  4.94749181]]
X[1, [15.96779145 12.0537413   3.7441598 ], 196539.744, [12.46971642 13.1634946   4.94886265]]
[1, [15.97534466 14.85955718  4.03463233], 196539.744, [12.46971642 13.1634946   4.94886265]]
[1, [15.9701801  13.36644831  4.02585093], 196539.744, [12.46971642 13.1634946   4.94886265]]
X[1, [15.96552402 12.05426347  3.7448328 ], 196539.784, [12.47159924 13.18559495  4.95141733]]
[1, [15.97480763 14.85862777  4.02820263], 196539.784, [12.47159924 13.18559495  4.95141733]]
[1, [15.96952811 13.37109221  4.02353364], 196539.784, [12.47159924 13.18559495  4.95141733]]
X[1, [15.96863749 12.07943861  3.73935758], 196539.844, [12.47528224 13.21628241  4.95412265]]
[1, [15.96723583 14.88234386  4.01729686], 196539.844, [12.47528224 13.21628241  4.95412265]]
[1, [15.96852303 13.39544385  4.0156665 ], 196539.844, [12.47528224 13.21628241  4.95412265]]
X[1, [15.95971483 12.02211918  3.75291302], 196539.824, [12.47393766 13.20635864  4.95343308]]
[1, [15.98741169 14.82737812  4.03874414], 196539.824, [12.47393766 13.20635864  4.95343308]]
[1, [15.97111462 13.33045459  4.03767542], 196539.824, [12.47393766 13.20635864  4.95343308]]
X[1, [15.9669898  12.07335063  3.74593204], 196539.904, [12.48006064 13.24438597  4.9546104 ]]
[1, [15.96990841 14.87525101  4.0214923 ], 196539.904, [12.48006064 13.24438597  4.9546104 ]]
[1, [15.9699731  13.38711393  4.01861126], 196539.904, [12.48006064 13.24438597  4.9546104 ]]
X[1, [15.96925553 12.07825394  3.74064457], 196539.944, [12.48392494 13.26183277  4.95386072]]
[1, [15.9682869  14.88419526  4.02085781], 196539.944, [12.48392494 13.26183277  4.95386072]]
[1, [15.96846361 13.39503862  4.01604565], 196539.944, [12.48392494 13.26183277  4.95386072]]
X[1, [15.94674343 12.0059381   3.75015296], 196539.924, [12.48192068 13.25323271  4.95431011]]
[1, [15.96490928 13.3235396   4.02587554], 196539.924, [12.48192068 13.25323271  4.95431011]]
[1, [15.98839481 14.81191635  4.02721225], 196539.924, [12.48192068 13.25323271  4.95431011]]
X[1, [15.94667029 12.01131135  3.74326087], 196539.964, [12.48607824 13.27019358  4.95331824]]
[1, [15.96465949 13.32888235  4.02401682], 196539.964, [12.48607824 13.27019358  4.95331824]]
[1, [15.98560917 14.82085175  4.02347288], 196539.964, [12.48607824 13.27019358  4.95331824]]
X[1, [15.96061852 12.04912179  3.74909737], 196540.024, [12.49343667 13.29391745  4.95156331]]
[1, [15.96735427 13.36667416  4.02585688], 196540.024, [12.49343667 13.29391745  4.95156331]]
[1, [15.97725723 14.85839331  4.02183157], 196540.024, [12.49343667 13.29391745  4.95156331]]
X[1, [15.96211865 12.06255415  3.74736609], 196540.064, [12.49909436 13.30868126  4.95036812]]
[1, [15.96742292 13.37835563  4.02092662], 196540.064, [12.49909436 13.30868126  4.95036812]]
[1, [15.97310479 14.86858444  4.02028122], 196540.064, [12.49909436 13.30868126  4.95036812]]
X[1, [15.96572389 12.07325852  3.74526865], 196540.104, [12.50537808 13.32267237  4.94895076]]
[1, [15.96832586 13.38593337  4.01935558], 196540.104, [12.50537808 13.32267237  4.94895076]]
[1, [15.96964671 14.87912655  4.01680211], 196540.104, [12.50537808 13.32267237  4.94895076]]
X[1, [15.97015141 12.08914114  3.74380627], 196540.144, [12.51231811 13.33594977  4.9471839 ]]
[1, [15.96839329 13.40036913  4.01730418], 196540.144, [12.51231811 13.33594977  4.9471839 ]]
[1, [15.96466273 14.89091322  4.0166041 ], 196540.144, [12.51231811 13.33594977  4.9471839 ]]
X[1, [15.93000375 11.98553245  3.75308246], 196540.124, [12.50876415 13.3293965   4.9481107 ]]
[1, [15.96015299 13.29495202  4.03037281], 196540.124, [12.50876415 13.3293965   4.9481107 ]]
[1, [15.99572245 14.78592697  4.03675073], 196540.124, [12.50876415 13.3293965   4.9481107 ]]
X[1, [15.94773205 12.0290211   3.746605  ], 196540.184, [12.51994169 13.34857114  4.94515048]]
[1, [15.9636354  13.3468757   4.02427537], 196540.184, [12.51994169 13.34857114  4.94515048]]
[1, [15.98138927 14.83872072  4.02671756], 196540.184, [12.51994169 13.34857114  4.94515048]]
X[1, [15.95176358 12.04144348  3.74952095], 196540.224, [12.52826194 13.36058676  4.94302973]]
[1, [15.96483948 13.35549114  4.02340504], 196540.224, [12.52826194 13.36058676  4.94302973]]
[1, [15.98037781 14.84666094  4.02635727], 196540.224, [12.52826194 13.36058676  4.94302973]]
X[1, [15.96857072 15.13885455  6.81486893], 196546.664, [12.44349242 13.55393504  7.25745459]]
[1, [15.96875387 14.85873358  6.9114732 ], 196546.664, [12.44349242 13.55393504  7.25745459]]
X[1, [15.96247226 15.14671506  6.80589389], 196546.684, [12.44210922 13.55482948  7.26017186]]
[1, [15.96608573 14.86891455  6.91099859], 196546.684, [12.44210922 13.55482948  7.26017186]]
X[1, [15.95893542 15.15689225  6.80548042], 196546.704, [12.44083393 13.55571149  7.26291267]]
[1, [15.96116228 14.8793898   6.90139148], 196546.704, [12.44083393 13.55571149  7.26291267]]
X[1, [15.96829991 15.13507247  6.80982599], 196546.764, [12.43757663 13.55828503  7.27112785]]
[1, [15.96952294 14.85442388  6.91448702], 196546.764, [12.43757663 13.55828503  7.27112785]]
X[1, [15.97070237 15.12883033  6.81297214], 196546.804, [12.43580916 13.55994048  7.27637391]]
[1, [15.97144875 14.84930316  6.91721706], 196546.804, [12.43580916 13.55994048  7.27637391]]
X[1, [15.97258169 15.12362582  6.81536878], 196546.844, [12.43431693 13.56154622  7.28133578]]
[1, [15.97299339 14.84526937  6.91917101], 196546.844, [12.43431693 13.56154622  7.28133578]]
X[1, [15.95679749 15.15732595  6.80205281], 196546.824, [12.43503065 13.56074965  7.27888949]]
[1, [15.95941997 14.88436319  6.90556499], 196546.824, [12.43503065 13.56074965  7.27888949]]
X[1, [15.96587523 15.13923731  6.81099511], 196546.884, [12.43306652 13.56310092  7.28605562]]
[1, [15.96759708 14.85832025  6.90959013], 196546.884, [12.43306652 13.56310092  7.28605562]]
X[1, [15.96810934 15.13749052  6.81212243], 196546.924, [12.43202134 13.56460348  7.29062724]]
[1, [15.96855534 14.85723612  6.91493462], 196546.924, [12.43202134 13.56460348  7.29062724]]
X[1, [15.97095718 15.12881607  6.81481858], 196546.964, [12.43115511 13.56605266  7.29512505]]
[1, [15.97104204 14.84954854  6.9172399 ], 196546.964, [12.43115511 13.56605266  7.29512505]]
X[1, [15.96820149 15.1373568   6.8143612 ], 196546.984, [12.43078442 13.56675707  7.29734969]]
[1, [15.96962312 14.85928521  6.91184815], 196546.984, [12.43078442 13.56675707  7.29734969]]
X[1, [15.96408812 15.14573177  6.80967489], 196547.004, [12.43045299 13.56744811  7.29955228]]
[1, [15.96649759 14.86419357  6.9113    ], 196547.004, [12.43045299 13.56744811  7.29955228]]
X[1, [15.97045409 15.13135929  6.81951544], 196547.064, [12.42967533 13.56944241  7.30595226]]
[1, [15.97241164 14.8510011   6.91620826], 196547.064, [12.42967533 13.56944241  7.30595226]]
X[1, [15.97171168 15.1283952   6.81740189], 196547.104, [12.42932122 13.57070802  7.31001021]]
[1, [15.97344396 14.84892541  6.91379348], 196547.104, [12.42932122 13.57070802  7.31001021]]
X[1, [16.02405144  4.73449274  6.62149127], 196558.364, [19.65030867  5.03610717  7.26245416]]
[1, [16.02909749  5.71149307  6.62109641], 196558.364, [19.65030867  5.03610717  7.26245416]]
[2, [16.02012142  4.38542313  6.73515219], 196558.364, [19.65030867  5.03610717  7.26245416]]
[2, [16.02435072  6.06204056  6.73232861], 196558.364, [19.65030867  5.03610717  7.26245416]]
[1, [16.0301359   5.82029441  6.88241802], 196558.364, [19.65030867  5.03610717  7.26245416]]
[1, [16.02410702  4.6303294   6.88843526], 196558.364, [19.65030867  5.03610717  7.26245416]]
X[1, [16.02321191  4.71729654  6.61961292], 196558.384, [19.65251784  5.06348794  7.26679543]]
[1, [16.02777455  5.69493892  6.61713832], 196558.384, [19.65251784  5.06348794  7.26679543]]
[2, [16.0235574   6.04513219  6.72494201], 196558.384, [19.65251784  5.06348794  7.26679543]]
[2, [16.0181821   4.36743328  6.73229446], 196558.384, [19.65251784  5.06348794  7.26679543]]
[1, [16.02891171  5.80312854  6.87896514], 196558.384, [19.65251784  5.06348794  7.26679543]]
[1, [16.02329839  4.61241661  6.88651627], 196558.384, [19.65251784  5.06348794  7.26679543]]
X[1, [16.0264111   5.67816102  6.61327918], 196558.404, [19.65468507  5.09034202  7.27113354]]
[1, [16.02185934  4.70424977  6.61720978], 196558.404, [19.65468507  5.09034202  7.27113354]]
[2, [16.0223451   6.02810132  6.72224939], 196558.404, [19.65468507  5.09034202  7.27113354]]
[2, [16.01699576  4.35372645  6.73341579], 196558.404, [19.65468507  5.09034202  7.27113354]]
[1, [16.02763396  5.78561016  6.87566666], 196558.404, [19.65468507  5.09034202  7.27113354]]
[1, [16.02088038  4.59388311  6.88393843], 196558.404, [19.65468507  5.09034202  7.27113354]]
X[1, [16.02708583  5.68725142  6.61458683], 196558.444, [19.658894   5.142464   7.2797791]]
[1, [16.02159573  4.71686857  6.62096585], 196558.444, [19.658894   5.142464   7.2797791]]
[2, [16.02295882  6.03658166  6.7258758 ], 196558.444, [19.658894   5.142464   7.2797791]]
[2, [16.01781658  4.36088598  6.73524412], 196558.444, [19.658894   5.142464   7.2797791]]
[1, [16.02822874  5.79310186  6.87787232], 196558.444, [19.658894   5.142464   7.2797791]]
[1, [16.02159448  4.60037796  6.88746547], 196558.444, [19.658894   5.142464   7.2797791]]
X[1, [16.02586307  5.66866457  6.60992999], 196558.464, [19.66093588  5.16772815  7.2840689 ]]
[1, [16.02080268  4.69759101  6.61810521], 196558.464, [19.66093588  5.16772815  7.2840689 ]]
[2, [16.02112229  6.02245631  6.72219881], 196558.464, [19.66093588  5.16772815  7.2840689 ]]
[2, [16.01621566  4.349678    6.73582553], 196558.464, [19.66093588  5.16772815  7.2840689 ]]
[1, [16.02706406  5.78282319  6.87378089], 196558.464, [19.66093588  5.16772815  7.2840689 ]]
[1, [16.02088546  4.58921972  6.88454237], 196558.464, [19.66093588  5.16772815  7.2840689 ]]
X[1, [16.02685141 14.83034914  4.01155257], 196562.824, [19.72370383 12.45778524  4.96905255]]
[1, [16.02687709 13.33523373  4.0202061 ], 196562.824, [19.72370383 12.45778524  4.96905255]]
[1, [16.02571712 11.84381377  4.02852522], 196562.824, [19.72370383 12.45778524  4.96905255]]
[1, [16.02499006 12.12490724  4.1236411 ], 196562.824, [19.72370383 12.45778524  4.96905255]]
X[1, [16.02594145 14.84021091  4.01742752], 196562.864, [19.72358118 12.5146065   4.96301269]]
[1, [16.02577854 13.34926913  4.01970086], 196562.864, [19.72358118 12.5146065   4.96301269]]
[1, [16.02495732 11.85282167  4.0217552 ], 196562.864, [19.72358118 12.5146065   4.96301269]]
[1, [16.02568368 12.13342538  4.11931611], 196562.864, [19.72358118 12.5146065   4.96301269]]
X[1, [16.02617102 14.82605714  4.01422699], 196562.884, [19.72351843 12.54213244  4.960198  ]]
[1, [16.02689686 13.33036315  4.0198631 ], 196562.884, [19.72351843 12.54213244  4.960198  ]]
[1, [16.02577395 11.83872638  4.02958176], 196562.884, [19.72351843 12.54213244  4.960198  ]]
[1, [16.0257832  12.11884835  4.12349662], 196562.884, [19.72351843 12.54213244  4.960198  ]]
X[1, [16.02678972 14.83053912  4.01848072], 196562.924, [19.72338971 12.59539743  4.9549746 ]]
[1, [16.0258501  13.3399913   4.01858791], 196562.924, [19.72338971 12.59539743  4.9549746 ]]
[1, [16.02685478 11.84818584  4.02835886], 196562.924, [19.72338971 12.59539743  4.9549746 ]]
[1, [16.02575012 12.12289634  4.12368664], 196562.924, [19.72338971 12.59539743  4.9549746 ]]
X[1, [16.02678141 14.87095448  4.02614709], 196562.984, [19.72318925 12.67081483  4.94813615]]
[1, [16.02679455 13.37556033  4.01897965], 196562.984, [19.72318925 12.67081483  4.94813615]]
[1, [16.02568503 11.88348702  4.0207293 ], 196562.984, [19.72318925 12.67081483  4.94813615]]
[1, [16.02563531 12.16190074  4.11952478], 196562.984, [19.72318925 12.67081483  4.94813615]]
X[1, [16.02603151 14.85413614  4.01757863], 196563.004, [19.72312064 12.69474971  4.94612621]]
[1, [16.02578088 13.36261309  4.01813906], 196563.004, [19.72312064 12.69474971  4.94612621]]
[1, [16.02681382 11.87031363  4.02361541], 196563.004, [19.72312064 12.69474971  4.94612621]]
[1, [16.02680515 12.14824349  4.12350232], 196563.004, [19.72312064 12.69474971  4.94612621]]
X[1, [16.02697526 14.83476853  4.01692226], 196563.024, [19.72305113 12.71807565  4.94425194]]
[1, [16.02612446 13.33889989  4.02132826], 196563.024, [19.72305113 12.71807565  4.94425194]]
[1, [16.02582386 11.84626214  4.02605776], 196563.024, [19.72305113 12.71807565  4.94425194]]
[1, [16.02576067 12.12392984  4.12687451], 196563.024, [19.72305113 12.71807565  4.94425194]]
X[1, [16.03238521 14.92328458  6.53530352], 196565.144, [19.71227342 13.40015049  6.33359016]]
X[1, [16.03098811 14.92065513  6.5172804 ], 196565.164, [19.71215827 13.40146285  6.36057084]]
X[1, [16.03104378 14.92188908  6.49890227], 196565.184, [19.71204342 13.40274826  6.38725208]]
X[1, [16.0324263  14.91914125  6.51539652], 196565.224, [19.71181485 13.40524007  6.43958102]]
X[1, [16.03246345 14.9214385   6.52105684], 196565.264, [19.71158817 13.40762908  6.49034209]]
X[1, [16.03138085 14.92414095  6.52938232], 196565.304, [19.71136319 13.40991877  6.53942766]]
X[1, [16.03107389 14.92083825  6.51269101], 196565.324, [19.71125111 13.41102761  6.56334749]]
X[1, [16.03113041 14.92189694  6.50027004], 196565.344, [19.71113922 13.41211305  6.58686403]]
X